Fitness Values After 1st Iteration : 432 individuals out of 800 individuals
0.219888888889
0.216666666667
0.216222222222
0.219888888889
0.217111111111
0.218666666667
0.217444444444
0.219777777778
0.216222222222
0.219888888889
0.219888888889
0.218222222222
0.22
0.218777777778
0.219333333333
0.219666666667
0.217111111111
0.219555555556
0.216888888889
0.219666666667
0.218
0.219
0.22
0.218888888889
0.219222222222
0.218222222222
0.219888888889
0.219666666667
0.219777777778
0.219666666667
0.22
0.219111111111
0.219888888889
0.218222222222
0.218666666667
0.218222222222
0.217888888889
0.219444444444
0.218888888889
0.218888888889
0.217
0.219222222222
0.218444444444
0.22
0.219555555556
0.22
0.218555555556
0.218888888889
0.219222222222
0.218777777778
0.218444444444
0.22
0.219444444444
0.219
0.218111111111
0.218888888889
0.218888888889
0.218222222222
0.218777777778
0.219333333333
0.218888888889
0.218888888889
0.219666666667
0.219444444444
0.219
0.218222222222
0.218777777778
0.219555555556
0.22
0.219555555556
0.22
0.218666666667
0.218333333333
0.22
0.219444444444
0.22
0.218888888889
0.219555555556
0.218222222222
0.219333333333
0.218888888889
0.217222222222
0.219333333333
0.219444444444
0.22
0.219111111111
0.219333333333
0.217888888889
0.219
0.218666666667
0.219222222222
0.218111111111
0.218888888889
0.219333333333
0.218555555556
0.219555555556
0.22
0.219555555556
0.218111111111
0.219
0.219333333333
0.219777777778
0.218333333333
0.218222222222
0.219444444444
0.219111111111
0.218888888889
0.219
0.219333333333
0.218666666667
0.218
0.219333333333
0.22
0.22
0.218666666667
0.218888888889
0.219333333333
0.219888888889
0.217333333333
0.219444444444
0.219333333333
0.219222222222
0.219444444444
0.219222222222
0.218777777778
0.218777777778
0.219
0.22
0.219888888889
0.218555555556
0.219555555556
0.219777777778
0.217777777778
0.219555555556
0.219444444444
0.219666666667
0.218444444444
0.219777777778
0.22
0.22
0.219555555556
0.218555555556
0.219777777778
0.218444444444
0.219444444444
0.218888888889
0.218666666667
0.218555555556
0.219666666667
0.219111111111
0.217777777778
0.219444444444
0.218333333333
0.218888888889
0.218555555556
0.218888888889
0.219444444444
0.219111111111
0.217666666667
0.219444444444
0.219
0.219666666667
0.219333333333
0.218111111111
0.218666666667
0.218
0.219888888889
0.219666666667
0.219555555556
0.218555555556
0.217333333333
0.217222222222
0.219444444444
0.219555555556
0.219
0.219666666667
0.219888888889
0.22
0.219555555556
0.219222222222
0.218666666667
0.219777777778
0.219888888889
0.218666666667
0.219222222222
0.219777777778
0.22
0.217666666667
0.218666666667
0.219555555556
0.219777777778
0.218666666667
0.219222222222
0.219888888889
0.219333333333
0.219111111111
0.219
0.219333333333
0.22
0.217333333333
0.219444444444
0.219777777778
0.218
0.219111111111
0.219777777778
0.219444444444
0.22
0.219
0.219666666667
0.218444444444
0.219777777778
0.219555555556
0.22
0.219222222222
0.219444444444
0.219666666667
0.219444444444
0.219555555556
0.22
0.218555555556
0.219111111111
0.219333333333
0.218222222222
0.218666666667
0.218222222222
0.219111111111
0.218777777778
0.219444444444
0.219222222222
0.219555555556
0.22
0.22
0.218
0.218555555556
0.218888888889
0.219888888889
0.219888888889
0.219444444444
0.218888888889
0.218
0.219888888889
0.219888888889
0.218555555556
0.219333333333
0.219222222222
0.218
0.218222222222
0.218555555556
0.218777777778
0.218666666667
0.219888888889
0.219111111111
0.219777777778
0.219555555556
0.217
0.219666666667
0.22
0.218444444444
0.219666666667
0.219777777778
0.218666666667
0.219666666667
0.217666666667
0.219777777778
0.22
0.218333333333
0.219666666667
0.218888888889
0.219555555556
0.219888888889
0.217222222222
0.219333333333
0.219777777778
0.219222222222
0.219777777778
0.218
0.219
0.219666666667
0.219555555556
0.219888888889
0.218333333333
0.219
0.219888888889
0.219888888889
0.219888888889
0.219555555556
0.218555555556
0.219555555556
0.219555555556
0.218222222222
0.219888888889
0.218222222222
0.219666666667
0.219222222222
0.219333333333
0.219555555556
0.219222222222
0.218888888889
0.219555555556
0.218888888889
0.218777777778
0.219444444444
0.219444444444
0.219
0.22
0.22
0.219222222222
0.22
0.219888888889
0.218555555556
0.218777777778
0.219777777778
0.219555555556
0.219
0.219777777778
0.22
0.219777777778
0.219111111111
0.219555555556
0.219111111111
0.219333333333
0.219666666667
0.219222222222
0.22
0.218555555556
0.217333333333
0.219111111111
0.218888888889
0.218111111111
0.219888888889
0.219666666667
0.219111111111
0.219555555556
0.217777777778
0.218888888889
0.219333333333
0.218666666667
0.219444444444
0.218666666667
0.217888888889
0.219333333333
0.218888888889
0.218888888889
0.218444444444
0.218555555556
0.219666666667
0.219222222222
0.22
0.219444444444
0.218222222222
0.219777777778
0.219888888889
0.219333333333
0.218333333333
0.218777777778
0.218888888889
0.219888888889
0.217333333333
0.218333333333
0.218444444444
0.219
0.219444444444
0.219222222222
0.219777777778
0.219555555556
0.218444444444
0.218444444444
0.219888888889
0.219777777778
0.219666666667
0.218888888889
0.22
0.219333333333
0.219888888889
0.219888888889
0.219111111111
0.219111111111
0.219
0.22
0.219888888889
0.219666666667
0.219888888889
0.219111111111
0.218333333333
0.219777777778
0.218111111111
0.219777777778
0.219111111111
0.22
0.219222222222
0.219888888889
0.218666666667
0.218888888889
0.218444444444
0.219555555556
0.22
0.218888888889
0.218777777778
0.219555555556
0.219888888889
0.219222222222
0.219666666667
0.218777777778
0.218777777778
0.219444444444
0.219222222222
0.219777777778
0.219666666667
0.219111111111
0.218888888889
0.218555555556
0.219666666667
0.219111111111
0.219888888889
0.219
0.219
0.218555555556
0.219555555556
0.219333333333
0.219888888889
0.219555555556
0.218888888889
0.218777777778
0.219222222222
0.218444444444
0.218111111111
0.218666666667
0.22
0.219333333333
0.219777777778
0.219777777778
0.218555555556
